# industrial_mems fedqpnt_local S2-med seed=530 attack={'kind': 'drift_spoof', 'onset_s': 60.0, 'duration_s': 300.0, 'severity': 0.6} bound=25.07
   t   state  w_pos  p     pbar  es  NIS_shadow  NIS_pos  NIS_vel | |nu_p|m  |nu_v|m/s  S_pos_sig S_vel_sig | err_h  verr  probe
    60    TRUST 1.000 0.159 0.153 0        0.5       0.4       0.1 |      3.4     0.06      4.3    0.150 |      1.7    0.03 0
    61 DISTRUST 0.153 0.634 0.885 1        1.2       0.3       0.6 |      3.1     0.10      4.3    0.142 |      1.6    0.01 0
    62 DISTRUST 0.020 0.634 0.984 1        2.2       0.4       1.2 |      3.1     0.12      4.3    0.178 |      1.7    0.04 0
    63 DISTRUST 0.020 0.765 0.998 1        1.3       0.5       0.4 |      3.6     0.14      4.3    0.257 |      1.7    0.10 0
   120 DISTRUST 0.020 0.846 1.000 1        0.9       0.0       0.6 |      7.4     2.13     63.2    2.401 |     42.9    3.32 0
   123    PROBE 0.300 0.791 1.000 1        5.2       0.0       2.3 |     12.5     1.94     68.1    2.377 |     52.0    3.17 1
   126    PROBE 0.300 0.808 1.000 1        1.5       0.0       0.6 |     17.4     1.51     74.4    2.464 |     60.8    2.89 1
   129    PROBE 0.300 0.764 1.000 1        4.3       0.1       1.9 |     22.1     1.25     81.8    2.753 |     68.9    2.61 1
   180 DISTRUST 0.020 0.790 1.000 1        3.1       0.4       0.9 |    250.7     7.25    300.9    6.833 |    356.2    8.36 0
   192    PROBE 0.300 0.722 1.000 1        5.2       0.4       0.9 |    350.1     9.39    387.8    8.144 |    467.3   10.47 1
   195    PROBE 0.300 0.686 1.000 1       14.0       0.5       3.1 |    380.3     9.95    412.1    8.496 |    498.9   11.02 1
   198    PROBE 0.300 0.701 1.000 1        9.8       0.5       1.8 |    410.5    10.49    437.4    8.858 |    531.3   11.57 1
   201 DISTRUST 0.020 0.716 1.000 1       11.3       0.5       2.1 |    442.4    11.08    463.7    9.229 |    565.8   12.14 1
   240 DISTRUST 0.020 0.874 1.000 1        5.7       0.8       1.3 |   1050.7    20.35    914.6   14.768 |   1207.6   21.32 0
   261    PROBE 0.020 0.919 1.000 1       32.3       0.9       4.7 |   1552.0    27.67   1259.4   19.147 |   1714.4   28.31 1
   264    PROBE 0.300 0.924 1.000 1       11.6       0.9       1.9 |   1635.2    28.57   1315.5   19.707 |   1797.8   29.24 1
   267    PROBE 0.300 0.917 1.000 1       36.2       0.9       5.6 |   1721.1    29.51   1373.4   20.276 |   1884.2   30.20 1
   270    PROBE 0.300 0.928 1.000 1       23.0       0.9       3.6 |   1811.1    30.55   1433.1   20.856 |   1974.3   31.18 1
   300 DISTRUST 0.020 0.933 1.000 1       28.9       1.3       6.5 |   2881.5    41.59   2136.1   27.266 |   3049.0   42.19 0
   333    PROBE 0.300 0.941 1.000 1       44.5       2.5      12.8 |   4532.4    56.57   3139.3   35.135 |   4714.6   57.19 1
   336    PROBE 0.300 0.940 1.000 1       37.0       2.5      14.5 |   4702.6    56.92   3244.1   35.363 |   4885.3   57.55 1
   339    PROBE 0.300 0.938 1.000 1       52.3       2.6      21.9 |   4874.4    58.43   3349.8   35.743 |   5059.6   59.16 1
   358 DISTRUST 0.020 0.943 1.000 1       68.6       3.8      25.2 |   6072.5    67.63   4070.5   40.904 |   6269.6   68.32 0
   359 DISTRUST 0.020 0.943 1.000 1       94.7       3.9      31.2 |   6139.9    68.18   4111.3   41.184 |   6338.0   68.79 0
   360 DISTRUST 0.020 0.942 1.000 1       76.8       4.0      27.8 |   6210.4    68.60   4152.3   41.464 |   6407.3   69.27 0
   361 DISTRUST 0.020 0.942 1.000 1       97.1       4.1      32.7 |   6277.5    69.10   4193.5   41.746 |   6476.6   69.75 0
   362 DISTRUST 0.020 0.541 1.000 1       51.5       4.7      23.4 |   6545.3    70.31   4235.1   42.028 |   6546.5   70.23 0
   363 DISTRUST 0.020 0.115 1.000 1       79.2       4.7      30.9 |   6615.1    70.71   4276.9   42.310 |   6616.5   70.71 0
   364 DISTRUST 0.020 0.034 1.000 1       58.4       4.8      25.3 |   6685.7    71.20   4319.1   42.594 |   6687.2   71.18 0
   365 DISTRUST 0.020 0.022 1.000 1       84.2       4.9      33.0 |   6757.0    71.69   4361.5   42.877 |   6758.2   71.66 0
   366 DISTRUST 0.020 0.017 1.000 1      105.2       4.9      38.2 |   6828.9    72.21   4404.2   43.162 |   6829.6   72.14 0
   402    PROBE 0.300 0.044 0.173 0      144.0       9.0      50.2 |   9722.9    89.77   6134.0   53.844 |   9724.9   89.80 1
   405    PROBE 0.300 0.049 0.049 0      182.1       9.4      59.7 |   9992.4    91.30   6295.5   54.774 |   9993.7   91.31 1
   408    PROBE 0.300 0.034 0.033 0      155.9       9.7      53.4 |  10264.4    92.79   6459.8   55.711 |  10266.4   92.83 1
   411 DISTRUST 0.020 0.036 0.036 0      196.3       9.8      62.6 |  10541.8    94.33   6626.8   56.654 |  10543.5   94.34 1
   420 DISTRUST 0.020 0.039 1.000 1      192.2      11.0      61.0 |  11400.0    98.87   7144.5   59.517 |  11401.7   98.89 0
   471    PROBE 0.020 0.009 1.000 1      236.7      19.1      67.6 |  17123.5   125.15  10585.7   76.826 |  17123.2  125.14 1
   474    PROBE 0.300 0.007 0.009 0      278.2      19.7      74.2 |  17493.7   126.79  10814.1   77.913 |  17492.5  126.77 1
   477    PROBE 0.300 0.010 0.010 0      327.4      20.1      82.1 |  17872.3   128.45  11045.7   79.008 |  17870.6  128.42 1
   480    PROBE 0.300 0.007 0.007 0      345.0      20.7      84.7 |  18252.5   130.06  11280.4   80.110 |  18250.3  130.07 1
   540 DISTRUST 0.020 0.006 1.000 1      551.3      29.7     115.8 |  27072.7   170.93  16771.5  104.311 |  27068.3  170.88 0
   543    PROBE 0.300 0.006 0.024 0      543.2      30.7     113.7 |  27578.2   172.83  17081.6  105.552 |  27573.6  172.77 1
   546    PROBE 0.300 0.006 0.007 0      577.2      31.5     117.2 |  28090.1   174.69  17395.4  106.849 |  28085.9  174.66 1
   549    PROBE 0.300 0.005 0.005 0      589.7      32.2     113.8 |  28610.9   176.59  17713.1  108.292 |  28605.9  176.52 1
   600 DISTRUST 0.020 0.003 1.000 1      721.7      40.0     155.3 |  38441.1   208.66  23803.3  130.528 |  38433.5  208.61 0
   612    PROBE 0.300 0.005 0.140 0      972.7      42.5     114.5 |  40977.8   222.80  25392.7  139.023 |  40969.5  222.76 1
   615    PROBE 0.300 0.005 0.005 0     1064.6      42.9     110.5 |  41642.1   226.30  25807.1  141.226 |  41632.5  226.22 1
   618    PROBE 0.300 0.004 0.004 0      987.0      43.7     128.4 |  42306.0   225.66  26224.3  141.098 |  42296.3  225.53 1
   621 DISTRUST 0.020 0.004 0.004 0      830.8      44.0     137.3 |  42977.2   228.87  26643.4  141.458 |  42966.7  228.77 1
