# tactical fedqpnt_local S2-med seed=530 attack={'kind': 'drift_spoof', 'onset_s': 60.0, 'duration_s': 300.0, 'severity': 0.6} bound=6.74
   t   state  w_pos  p     pbar  es  NIS_shadow  NIS_pos  NIS_vel | |nu_p|m  |nu_v|m/s  S_pos_sig S_vel_sig | err_h  verr  probe
    60    TRUST 1.000 0.159 0.153 0        1.0       0.4       0.5 |      3.3     0.11      4.3    0.129 |      1.8    0.08 0
    61 DISTRUST 0.153 0.634 0.885 1        2.1       0.3       1.5 |      2.9     0.15      4.3    0.120 |      1.7    0.08 0
    62 DISTRUST 0.020 0.634 0.984 1        4.1       0.4       2.9 |      2.9     0.21      4.3    0.135 |      1.7    0.09 0
    63 DISTRUST 0.020 0.765 0.998 1        2.4       0.4       1.3 |      3.4     0.16      4.3    0.171 |      1.7    0.10 0
   120 DISTRUST 0.020 0.846 1.000 1        5.3       0.7       2.3 |     42.8     2.06     39.0    1.253 |     74.4    3.19 0
   123    PROBE 0.300 0.790 1.000 1       10.4       0.7       4.9 |     48.6     2.22     42.4    1.338 |     84.2    3.38 1
   126    PROBE 0.300 0.808 1.000 1        4.5       0.8       1.8 |     55.0     2.29     46.3    1.443 |     94.4    3.54 1
   129    PROBE 0.300 0.764 1.000 1       10.1       0.9       3.8 |     62.6     2.54     50.6    1.567 |    105.1    3.72 1
   180 DISTRUST 0.020 0.790 1.000 1       19.0       2.2       3.5 |    336.0     8.78    174.3    3.724 |    431.4    9.73 0
   192    PROBE 0.300 0.722 1.000 1       21.1       2.5       3.6 |    452.8    10.75    221.6    4.405 |    557.7   11.67 1
   195    PROBE 0.300 0.686 1.000 1       35.5       2.5       8.1 |    487.0    11.26    234.7    4.587 |    592.9   12.18 1
   198    PROBE 0.300 0.701 1.000 1       27.1       2.7       5.4 |    521.2    11.77    248.4    4.772 |    629.0   12.70 1
   201 DISTRUST 0.020 0.716 1.000 1       28.7       2.7       6.0 |    557.0    12.32    262.6    4.962 |    667.0   13.23 1
   240 DISTRUST 0.020 0.873 1.000 1       17.8       3.3       4.1 |   1191.3    20.51    503.4    7.803 |   1325.8   21.31 0
   261    PROBE 0.020 0.919 1.000 1       44.2       3.5      11.4 |   1676.2    25.92    682.0    9.614 |   1820.5   26.57 1
   264    PROBE 0.300 0.924 1.000 1       20.6       3.6       4.8 |   1754.4    26.67    710.7    9.889 |   1899.7   27.34 1
   267    PROBE 0.300 0.916 1.000 1       49.6       3.6      13.3 |   1835.3    27.45    740.2   10.168 |   1981.6   28.14 1
   270    PROBE 0.300 0.928 1.000 1       32.0       3.6       8.0 |   1919.0    28.31    770.6   10.451 |   2066.1   28.94 1
   300 DISTRUST 0.020 0.933 1.000 1       33.7       4.1      11.9 |   2895.3    37.13   1124.4   13.536 |   3052.4   37.75 0
   333    PROBE 0.300 0.941 1.000 1       42.6       5.6      19.0 |   4300.2    48.22   1627.9   17.358 |   4473.7   48.86 1
   336    PROBE 0.300 0.940 1.000 1       41.9       5.6      21.2 |   4446.6    49.19   1680.2   17.723 |   4621.1   49.81 1
   339    PROBE 0.300 0.938 1.000 1       56.5       5.7      31.5 |   4594.9    50.23   1733.6   18.095 |   4771.7   50.90 1
   358 DISTRUST 0.020 0.943 1.000 1       62.5       7.1      34.3 |   5615.2    57.31   2098.5   20.539 |   5803.0   57.97 0
   359 DISTRUST 0.020 0.943 1.000 1       91.8       7.2      47.0 |   5672.3    57.76   2119.0   20.670 |   5861.0   58.35 0
   360 DISTRUST 0.020 0.942 1.000 1       70.7       7.5      39.1 |   5731.9    58.07   2139.7   20.802 |   5919.4   58.73 0
   361 DISTRUST 0.020 0.942 1.000 1       92.9       7.5      49.0 |   5788.4    58.47   2160.4   20.933 |   5978.2   59.11 0
   362 DISTRUST 0.020 0.540 1.000 1       37.3       8.5      28.5 |   6036.1    59.57   2181.4   21.065 |   6037.3   59.49 0
   363 DISTRUST 0.020 0.114 1.000 1       63.7       8.5      42.8 |   6095.4    59.87   2202.4   21.197 |   6096.9   59.87 0
   364 DISTRUST 0.020 0.034 1.000 1       42.8       8.5      31.7 |   6155.2    60.26   2223.6   21.330 |   6156.8   60.25 0
   365 DISTRUST 0.020 0.022 1.000 1       67.6       8.7      45.9 |   6215.8    60.66   2244.9   21.463 |   6217.1   60.63 0
   366 DISTRUST 0.020 0.017 1.000 1       88.5       8.7      56.3 |   6277.0    61.09   2266.3   21.595 |   6277.8   61.01 0
   402    PROBE 0.300 0.043 0.173 0      109.8      13.5      72.9 |   8720.3    75.23   3128.5   26.549 |   8722.4   75.26 1
   405    PROBE 0.300 0.048 0.048 0      147.6      14.0      92.8 |   8947.8    76.48   3208.4   26.977 |   8949.3   76.50 1
   408    PROBE 0.300 0.033 0.032 0      118.5      14.2      78.5 |   9177.5    77.69   3289.7   27.407 |   9179.8   77.73 1
   411 DISTRUST 0.020 0.035 0.036 0      158.2      14.4      98.5 |   9412.2    78.96   3372.2   27.840 |   9414.1   78.97 1
   420 DISTRUST 0.020 0.039 1.000 1      149.5      16.1      95.4 |  10137.0    82.70   3627.6   29.153 |  10139.0   82.73 0
   471    PROBE 0.020 0.009 1.000 1      212.4      26.9     143.0 |  14910.8   105.21   5303.9   37.018 |  14911.3  105.23 1
   474    PROBE 0.300 0.006 0.009 0      266.3      28.0     169.4 |  15227.2   106.65   5415.1   37.504 |  15226.9  106.63 1
   477    PROBE 0.300 0.010 0.010 0      329.3      28.4     199.6 |  15548.1   108.06   5527.7   37.993 |  15547.4  108.04 1
   480    PROBE 0.300 0.006 0.007 0      349.4      29.5     212.0 |  15872.4   109.43   5641.7   38.484 |  15871.3  109.45 1
   540 DISTRUST 0.020 0.006 1.000 1      623.2      56.5     356.8 |  23291.3   140.19   8242.5   48.962 |  23289.3  140.17 0
   543    PROBE 0.300 0.006 0.024 0      594.4      58.9     343.9 |  23711.2   141.80   8389.2   49.514 |  23709.0  141.76 1
   546    PROBE 0.300 0.006 0.006 0      626.2      60.7     360.5 |  24135.2   143.37   8537.6   50.069 |  24133.6  143.36 1
   549    PROBE 0.300 0.005 0.005 0      626.2      62.5     360.1 |  24565.4   144.99   8687.6   50.629 |  24563.0  144.95 1
   600 DISTRUST 0.020 0.003 1.000 1      854.0      99.4     518.1 |  32627.8   172.23  11499.1   60.128 |  32624.5  172.23 0
   612    PROBE 0.300 0.004 0.139 0     1013.8     110.7     540.7 |  34724.8   179.15  12230.7   62.347 |  34721.4  179.16 1
   615    PROBE 0.300 0.005 0.005 0     1067.9     113.2     555.8 |  35263.5   180.89  12417.8   62.901 |  35259.0  180.87 1
   618    PROBE 0.300 0.003 0.004 0     1103.8     117.5     589.0 |  35806.1   182.24  12606.5   63.410 |  35801.1  182.14 1
   621 DISTRUST 0.020 0.003 0.003 0     1094.0     119.7     593.5 |  36353.2   183.88  12796.8   63.929 |  36347.6  183.83 1
