# tactical fedqpnt_local S2-med seed=530 attack={'kind': 'drift_spoof', 'onset_s': 60.0, 'duration_s': 300.0, 'severity': 0.6} bound=6.74
   t   state  w_pos  p     pbar  es  NIS_shadow  NIS_pos  NIS_vel | |nu_p|m  |nu_v|m/s  S_pos_sig S_vel_sig | err_h  verr  probe
    60    TRUST 1.000 0.159 0.153 0        0.8       0.4       0.3 |      3.3     0.09      4.3    0.132 |      1.7    0.06 0
    61 DISTRUST 0.153 0.634 0.885 1        1.7       0.3       1.1 |      3.0     0.13      4.3    0.123 |      1.7    0.06 0
    62 DISTRUST 0.020 0.634 0.984 1        3.4       0.4       2.3 |      2.9     0.18      4.3    0.138 |      1.7    0.06 0
    63 DISTRUST 0.020 0.765 0.998 1        1.8       0.4       0.9 |      3.5     0.13      4.3    0.175 |      1.7    0.07 0
   120 DISTRUST 0.020 0.846 1.000 1        3.7       0.3       1.2 |     23.6     1.32     45.1    1.538 |     54.8    2.42 0
   123    PROBE 0.300 0.791 1.000 1        8.0       0.2       3.5 |     27.0     1.43     49.4    1.647 |     62.2    2.55 1
   126    PROBE 0.300 0.808 1.000 1        2.3       0.2       0.7 |     31.1     1.43     54.2    1.774 |     69.9    2.66 1
   129    PROBE 0.300 0.764 1.000 1        6.5       0.2       2.6 |     36.2     1.63     59.5    1.917 |     77.9    2.77 1
   180 DISTRUST 0.020 0.790 1.000 1       11.9       0.7       1.1 |    226.2     6.25    215.1    4.704 |    322.7    7.26 0
   192    PROBE 0.300 0.722 1.000 1       13.5       0.9       1.1 |    309.9     7.73    275.1    5.588 |    417.1    8.72 1
   195    PROBE 0.300 0.686 1.000 1       25.6       0.8       4.6 |    334.9     8.12    291.7    5.823 |    443.4    9.10 1
   198    PROBE 0.300 0.701 1.000 1       18.2       0.9       2.3 |    359.7     8.49    309.1    6.063 |    470.4    9.49 1
   201 DISTRUST 0.020 0.716 1.000 1       19.3       1.0       2.7 |    385.6     8.91    327.2    6.310 |    498.9    9.89 1
   240 DISTRUST 0.020 0.874 1.000 1       11.3       1.0       1.4 |    849.5    15.06    635.5    9.995 |    991.8   15.94 0
   261    PROBE 0.020 0.919 1.000 1       26.1       1.1       4.9 |   1207.9    19.18    864.9   12.327 |   1362.2   19.91 1
   264    PROBE 0.300 0.924 1.000 1       10.9       1.1       1.4 |   1266.0    19.74    901.8   12.683 |   1421.6   20.49 1
   267    PROBE 0.300 0.917 1.000 1       29.3       1.1       5.9 |   1325.9    20.32    939.8   13.044 |   1482.9   21.09 1
   270    PROBE 0.300 0.928 1.000 1       16.4       1.2       2.4 |   1388.4    20.98    978.8   13.411 |   1546.5   21.70 1
   300 DISTRUST 0.020 0.933 1.000 1       15.3       1.3       3.4 |   2115.3    27.63   1434.1   17.401 |   2286.5   28.34 0
   333    PROBE 0.300 0.941 1.000 1       14.7       1.7       4.6 |   3164.5    36.01   2083.1   22.350 |   3355.7   36.75 1
   336    PROBE 0.300 0.940 1.000 1       13.8       1.7       5.3 |   3274.1    36.73   2150.5   22.829 |   3466.5   37.44 1
   339    PROBE 0.300 0.938 1.000 1       22.4       1.7      10.8 |   3384.5    37.51   2219.4   23.318 |   3579.7   38.27 1
   358 DISTRUST 0.020 0.943 1.000 1       19.1       2.2       9.4 |   4147.1    42.85   2690.3   26.479 |   4355.4   43.61 0
   359 DISTRUST 0.020 0.943 1.000 1       35.1       2.2      16.3 |   4189.7    43.21   2716.7   26.649 |   4399.1   43.90 0
   360 DISTRUST 0.020 0.942 1.000 1       23.6       2.3      11.8 |   4234.7    43.43   2743.4   26.819 |   4443.0   44.18 0
   361 DISTRUST 0.020 0.942 1.000 1       36.3       2.3      17.3 |   4276.5    43.75   2770.2   26.989 |   4487.2   44.47 0
   362 DISTRUST 0.020 0.543 1.000 1        8.0       2.8       6.8 |   4530.2    44.83   2797.2   27.160 |   4531.7   44.75 0
   363 DISTRUST 0.020 0.116 1.000 1       21.0       2.8      14.1 |   4574.8    45.04   2824.3   27.331 |   4576.5   45.04 0
   364 DISTRUST 0.020 0.034 1.000 1       10.2       2.8       8.1 |   4619.8    45.34   2851.6   27.502 |   4621.6   45.33 0
   365 DISTRUST 0.020 0.022 1.000 1       23.7       2.9      15.8 |   4665.4    45.64   2879.1   27.673 |   4666.9   45.62 0
   366 DISTRUST 0.020 0.017 1.000 1       35.9       2.8      21.8 |   4711.6    45.98   2906.8   27.845 |   4712.6   45.90 0
   402    PROBE 0.300 0.044 0.174 0       35.2       4.5      23.5 |   6548.2    56.58   4019.6   34.254 |   6550.6   56.61 1
   405    PROBE 0.300 0.049 0.049 0       56.5       4.6      34.3 |   6719.4    57.52   4122.9   34.808 |   6721.2   57.54 1
   408    PROBE 0.300 0.034 0.033 0       38.0       4.6      25.1 |   6891.8    58.42   4227.8   35.365 |   6894.3   58.47 1
   411 DISTRUST 0.020 0.036 0.037 0       60.2       4.6      35.9 |   7068.0    59.38   4334.4   35.925 |   7070.2   59.40 1
   420 DISTRUST 0.020 0.040 1.000 1       49.1       5.2      30.9 |   7612.8    62.18   4664.2   37.624 |   7615.0   62.21 0
   471    PROBE 0.020 0.010 1.000 1       57.8       8.1      39.2 |  11201.8    79.05   6829.6   47.803 |  11202.7   79.08 1
   474    PROBE 0.300 0.007 0.010 0       82.4       8.5      51.6 |  11439.8    80.15   6973.2   48.433 |  11439.9   80.13 1
   477    PROBE 0.300 0.011 0.011 0      116.1       8.5      67.2 |  11680.9    81.21   7118.7   49.066 |  11680.6   81.19 1
   480    PROBE 0.300 0.007 0.007 0      126.9       8.8      73.2 |  11924.7    82.23   7266.0   49.702 |  11924.1   82.25 1
   540 DISTRUST 0.020 0.007 1.000 1      210.6      17.3     119.2 |  17498.5   105.49  10626.7   63.252 |  17497.7  105.48 0
   543    PROBE 0.300 0.007 0.025 0      185.9      18.2     108.5 |  17814.2   106.71  10816.3   63.966 |  17813.3  106.67 1
   546    PROBE 0.300 0.007 0.007 0      200.2      18.9     115.8 |  18132.9   107.87  11008.1   64.684 |  18132.5  107.87 1
   549    PROBE 0.300 0.006 0.006 0      194.6      19.4     113.2 |  18456.6   109.09  11202.1   65.405 |  18455.4  109.07 1
   600 DISTRUST 0.020 0.003 1.000 1      264.2      31.5     163.4 |  24520.6   129.54  14835.2   77.678 |  24519.7  129.57 0
   612    PROBE 0.300 0.005 0.140 0      318.8      35.4     175.5 |  26097.3   134.90  15780.6   80.503 |  26096.6  134.94 1
   615    PROBE 0.300 0.006 0.006 0      345.9      36.2     184.9 |  26502.9   136.25  16022.3   81.206 |  26501.2  136.26 1
   618    PROBE 0.300 0.004 0.005 0      358.2      38.0     195.7 |  26911.5   137.23  16266.1   81.881 |  26909.2  137.16 1
   621 DISTRUST 0.020 0.004 0.004 0      351.7      38.6     195.8 |  27323.3   138.50  16512.0   82.565 |  27320.5  138.48 1
