# industrial_mems fedqpnt_local S2-med seed=530 attack={'kind': 'drift_spoof', 'onset_s': 60.0, 'duration_s': 300.0, 'severity': 0.6} bound=25.07
   t   state  w_pos  p     pbar  es  NIS_shadow  NIS_pos  NIS_vel | |nu_p|m  |nu_v|m/s  S_pos_sig S_vel_sig | err_h  verr  probe
    60    TRUST 1.000 0.159 0.152 0       13.1       0.6      11.1 |      3.2     0.55      4.3    0.135 |      3.1    0.43 0
    61 DISTRUST 0.153 0.635 0.885 1       15.1       0.4      13.0 |      2.7     0.56      4.3    0.126 |      3.1    0.44 0
    62 DISTRUST 0.020 0.635 0.984 1       15.2       0.5      12.7 |      2.7     0.60      4.3    0.163 |      2.7    0.49 0
    63 DISTRUST 0.020 0.765 0.998 1       13.7       0.5      11.2 |      3.0     0.59      4.3    0.239 |      2.4    0.54 0
   120 DISTRUST 0.020 0.847 1.000 1       54.8      20.6      46.8 |    323.3    14.72     50.3    1.704 |    355.8   15.91 0
   123    PROBE 0.300 0.788 1.000 1       76.2      24.0      65.9 |    367.2    15.38     52.8    1.603 |    403.8   16.60 1
   126    PROBE 0.300 0.806 1.000 1       73.6      26.3      53.2 |    412.7    15.81     56.8    1.698 |    453.2   17.12 1
   129    PROBE 0.300 0.759 1.000 1       67.6      27.5      38.4 |    460.2    16.41     62.1    2.084 |    504.2   17.67 1
   180 DISTRUST 0.020 0.780 1.000 1      221.7      51.7     109.2 |   1988.7    46.42    219.9    5.473 |   2083.2   47.22 0
   192    PROBE 0.300 0.703 1.000 1      353.0      55.6     150.6 |   2593.1    56.21    289.2    6.626 |   2694.6   56.95 1
   195    PROBE 0.300 0.661 1.000 1      460.4      57.7     186.0 |   2763.4    58.78    308.7    6.943 |   2865.2   59.52 1
   198    PROBE 0.300 0.675 1.000 1      459.1      58.5     188.6 |   2939.1    61.38    329.3    7.273 |   3042.0   62.12 1
   201 DISTRUST 0.020 0.692 1.000 1      525.7      60.3     207.5 |   3123.3    64.08    350.8    7.615 |   3227.6   64.79 1
   240 DISTRUST 0.020 0.848 1.000 1     1531.0     112.4     511.7 |   6345.9   104.92    719.2   12.609 |   6462.6  105.43 0
   261    PROBE 0.020 0.899 1.000 1     3083.5     149.1     582.6 |   8804.3   132.84   1044.9   18.624 |   8920.3  133.04 1
   264    PROBE 0.300 0.904 1.000 1     3083.5     156.5     584.6 |   9201.4   136.80   1099.5   19.247 |   9316.8  137.01 1
   267    PROBE 0.300 0.893 1.000 1     3662.5     163.5     665.3 |   9611.5   140.83   1156.1   19.885 |   9726.2  141.06 1
   270    PROBE 0.300 0.903 1.000 1     3781.2     169.8     686.9 |  10034.2   145.03   1214.7   20.538 |  10147.8  145.18 1
   300 DISTRUST 0.020 0.914 1.000 1     6561.3     263.2    1227.8 |  14990.8   190.51   1922.8   28.114 |  15094.9  190.48 0
   333    PROBE 0.300 0.886 1.000 1    12877.6     420.2    2231.7 |  22208.0   248.51   2933.0   37.434 |  22303.9  248.32 1
   336    PROBE 0.300 0.868 1.000 1    12148.6     438.1    2815.0 |  22956.6   252.66   3043.5   36.936 |  23050.8  252.48 1
   339    PROBE 0.300 0.844 1.000 1    12534.1     458.5    3361.1 |  23719.0   258.10   3152.1   36.028 |  23812.9  258.07 1
   358 DISTRUST 0.020 0.743 1.000 1    18741.1     614.9    3956.9 |  28961.4   294.85   3893.3   42.887 |  29049.9  294.63 0
   359 DISTRUST 0.020 0.722 1.000 1    19462.6     623.8    4036.8 |  29255.7   296.84   3936.1   43.276 |  29344.2  296.57 0
   360 DISTRUST 0.020 0.698 1.000 1    19118.3     634.3    4026.1 |  29553.5   298.72   3979.2   43.667 |  29640.1  298.50 0
   361 DISTRUST 0.020 0.720 1.000 1    19621.7     642.9    4086.9 |  29850.8   300.68   4022.8   44.060 |  29938.5  300.44 0
   362 DISTRUST 0.020 0.168 1.000 1    17417.8     659.4    4004.5 |  30274.4   303.05   4066.7   44.454 |  30236.1  302.36 0
   363 DISTRUST 0.020 0.024 1.000 1    18233.5     668.2    4094.7 |  30576.1   304.91   4111.0   44.849 |  30537.4  304.30 0
   364 DISTRUST 0.020 0.011 1.000 1    17962.1     677.2    4067.2 |  30880.8   306.88   4155.7   45.245 |  30841.6  306.25 0
   365 DISTRUST 0.020 0.006 1.000 1    18274.2     687.3    4147.9 |  31189.7   308.86   4200.8   45.643 |  31149.8  308.22 0
   366 DISTRUST 0.020 0.010 1.000 1    19064.7     696.8    4220.4 |  31497.1   310.85   4246.3   46.042 |  31456.0  310.16 0
   402    PROBE 0.300 0.157 0.271 0    30307.7    1093.5    5007.8 |  43945.1   383.46   6157.3   61.424 |  43877.1  382.46 1
   405    PROBE 0.300 0.089 0.096 0    31501.6    1129.4    5092.2 |  45099.7   389.69   6341.6   62.801 |  45028.1  388.64 1
   408    PROBE 0.300 0.180 0.167 0    31953.6    1164.2    5088.1 |  46272.8   395.94   6530.1   64.194 |  46198.6  394.85 1
   411 DISTRUST 0.020 0.136 0.137 0    33228.6    1198.9    5161.4 |  47467.0   402.23   6722.6   65.599 |  47389.3  401.09 1
   420 DISTRUST 0.020 0.176 1.000 1    35846.2    1305.8    5207.4 |  51153.2   421.16   7325.2   69.903 |  51065.1  419.88 0
   471    PROBE 0.020 0.207 1.000 1    42333.0    1795.8    4888.2 |  75401.3   532.14  11528.6   97.026 |  75227.5  529.92 1
   474    PROBE 0.300 0.136 0.143 0    43563.5    1824.3    4869.7 |  76987.1   538.90  11816.3   98.811 |  76806.1  536.61 1
   477    PROBE 0.300 0.199 0.188 0    44528.8    1850.9    4850.8 |  78604.3   545.75  12109.1  100.616 |  78416.2  543.41 1
   480    PROBE 0.300 0.113 0.123 0    45113.0    1877.2    4811.3 |  80229.0   552.53  12407.2  102.440 |  80033.7  550.15 1
   540 DISTRUST 0.020 0.104 1.000 1    74249.3    1960.4    4563.9 | 117451.8   706.05  19840.6  144.088 | 117064.4  702.02 0
   543    PROBE 0.300 0.185 0.185 0    76782.5    1968.6    4595.3 | 119552.5   713.94  20268.7  146.253 | 119153.6  709.78 1
   546    PROBE 0.300 0.123 0.135 0    79133.5    1975.9    4619.9 | 121677.1   721.80  20703.7  148.569 | 121267.0  717.58 1
   549    PROBE 0.300 0.125 0.124 0    81128.1    1982.8    4580.9 | 123831.0   729.77  21145.7  151.280 | 123408.1  725.37 1
   600 DISTRUST 0.020 0.332 1.000 1    95882.2    1972.0    5512.4 | 164363.1   867.34  29979.7  190.916 | 163674.1  861.16 0
   612    PROBE 0.300 0.122 0.241 0   137154.5    2001.8    4972.4 | 174898.3   907.28  32329.5  207.265 | 174134.6  900.13 1
   615    PROBE 0.300 0.142 0.136 0   143589.8    2002.9    4903.1 | 177612.5   917.19  32952.8  211.324 | 176827.4  909.77 1
   618    PROBE 0.300 0.130 0.143 0   135694.6    2006.5    5272.5 | 180336.8   922.23  33580.4  210.834 | 179531.7  914.84 1
   621 DISTRUST 0.020 0.244 0.237 0   124502.4    2010.9    5417.4 | 183102.8   931.94  34208.9  210.649 | 182276.1  924.61 1
