# industrial_mems undefended seed=530 attack={'kind': 'drift_spoof', 'onset_s': 60.0, 'duration_s': 300.0, 'severity': 0.6} duration=600.0
# rmse_pre=1.90 att: rmse=251.3 max=468.9 post: rmse=182.5 max=472.5
 t_s  state    w_pos  w_clk   p      es shadowNIS probe   err_h   offset  sqrt(P_pos)
    31    TRUST 0.500 1.000 0.066 0      1.19 0       0.1      0.0      3.0
    55    TRUST 1.000 1.000 0.138 0     11.43 0       2.8      0.0      2.8
    56    TRUST 1.000 1.000 0.139 0     12.74 0       2.9      0.0      2.8
    57    TRUST 1.000 1.000 0.117 0     10.91 0       3.0      0.0      2.8
    58    TRUST 1.000 1.000 0.125 0     12.27 0       3.0      0.0      2.8
    59    TRUST 1.000 1.000 0.110 0     13.11 0       3.1      0.0      2.8
    60    TRUST 1.000 1.000 0.159 0     13.06 0       3.1      0.0      2.8
    61    TRUST 1.000 1.000 0.635 0     15.00 0       4.0      0.0      2.7
    62    TRUST 1.000 1.000 0.635 0     10.69 0       4.1      0.0      2.7
    63    TRUST 1.000 1.000 0.765 0      8.47 0       4.2      0.0      2.7
    64    TRUST 1.000 1.000 0.739 0      4.82 0       4.3      0.0      2.7
    65    TRUST 1.000 1.000 0.739 0      7.18 0       4.4      0.0      2.7
    66    TRUST 1.000 1.000 0.701 0      7.99 0       4.4      0.0      2.7
    67    TRUST 1.000 1.000 0.668 0     10.09 0       4.4      0.0      2.6
    68    TRUST 1.000 1.000 0.649 0      2.44 0       4.4      0.0      2.6
    69    TRUST 1.000 1.000 0.550 0     17.67 0       4.3      0.0      2.6
    70    TRUST 1.000 1.000 0.454 0      5.43 0       4.3      0.0      2.6
    90    TRUST 1.000 1.000 0.840 0      7.08 0       4.3      6.0      2.5
   120    TRUST 1.000 1.000 0.846 0      1.76 0      36.1     37.5      2.5
   150    TRUST 1.000 1.000 0.849 0      1.43 0      88.9     90.0      2.5
   180    TRUST 1.000 1.000 0.790 0      4.50 0     143.3    144.0      2.5
   210    TRUST 1.000 1.000 0.807 0      1.80 0     197.1    198.0      2.4
   240    TRUST 1.000 1.000 0.874 0      3.82 0     251.2    252.0      2.4
   270    TRUST 1.000 1.000 0.928 0      1.35 0     305.6    306.0      2.5
   300    TRUST 1.000 1.000 0.933 0      2.05 0     359.9    360.0      2.5
   330    TRUST 1.000 1.000 0.942 0      3.66 0     414.1    414.0      2.6
   357    TRUST 1.000 1.000 0.942 0      1.71 0     463.4    462.6      2.6
   358    TRUST 1.000 1.000 0.943 0      5.80 0     465.3    464.4      2.6
   359    TRUST 1.000 1.000 0.943 0      1.48 0     467.2    466.2      2.6
   360    TRUST 1.000 1.000 0.942 0      1.42 0     469.0    468.0      2.6
   361    TRUST 1.000 1.000 0.942 0      1.44 0     470.8    469.8      2.6
   362    TRUST 1.000 1.000 0.499 0  18638.04 0     466.7      0.0      2.6
   363    TRUST 1.000 1.000 0.090 0  18345.58 0     462.4      0.0      2.6
   364    TRUST 1.000 1.000 0.020 0  17942.14 0     458.1      0.0      2.6
   365    TRUST 1.000 1.000 0.014 0  17631.24 0     453.7      0.0      2.6
   366    TRUST 1.000 1.000 0.010 0  17338.05 0     449.2      0.0      2.6
   367    TRUST 1.000 1.000 0.009 0  16996.34 0     444.6      0.0      2.6
   368    TRUST 1.000 1.000 0.008 0  16696.32 0     439.8      0.0      2.6
   369    TRUST 1.000 1.000 0.009 0  16368.36 0     435.1      0.0      2.6
   370    TRUST 1.000 1.000 0.009 0  16051.43 0     430.2      0.0      2.6
   371    TRUST 1.000 1.000 0.009 0  15797.57 0     425.3      0.0      2.7
   372    TRUST 1.000 1.000 0.008 0  15469.72 0     420.4      0.0      2.7
   373    TRUST 1.000 1.000 0.007 0  15169.86 0     415.5      0.0      2.7
   374    TRUST 1.000 1.000 0.007 0  14971.00 0     410.7      0.0      2.7
   375    TRUST 1.000 1.000 0.011 0  14507.72 0     405.7      0.0      2.7
   390    TRUST 1.000 1.000 0.013 0  10044.31 0     336.1      0.0      2.7
   420    TRUST 1.000 1.000 0.016 0   3817.22 0     220.4      0.0      2.8
   450    TRUST 1.000 1.000 0.070 0   1508.80 0     140.3      0.0      2.8
   480    TRUST 1.000 1.000 0.004 0    593.20 0      88.9      0.0      2.9
   510    TRUST 1.000 1.000 0.004 0    229.52 0      54.9      0.0      2.9
   540    TRUST 1.000 1.000 0.004 0     92.79 0      33.4      0.0      3.0
   570    TRUST 1.000 1.000 0.004 0     40.44 0      20.1      0.0      3.0
   600    TRUST 1.000 1.000 0.002 0     11.70 0      12.0      0.0      3.0
   630    TRUST 1.000 1.000 0.003 0      6.80 0       7.0      0.0      3.0
