# industrial_mems baseline_a seed=530 attack={'kind': 'drift_spoof', 'onset_s': 60.0, 'duration_s': 300.0, 'severity': 0.6} duration=600.0
# rmse_pre=1.90 att: rmse=8060.0 max=21594.8 post: rmse=1878.6 max=22037.4
 t_s  state    w_pos  w_clk   p      es shadowNIS probe   err_h   offset  sqrt(P_pos)
    31    TRUST 0.500 1.000 0.066 0      1.19 0       0.1      0.0      3.0
    55    TRUST 1.000 1.000 0.138 0     11.43 0       2.8      0.0      2.8
    56    TRUST 1.000 1.000 0.139 0     12.74 0       2.9      0.0      2.8
    57    TRUST 1.000 1.000 0.117 0     10.91 0       3.0      0.0      2.8
    58    TRUST 1.000 1.000 0.125 0     12.27 0       3.0      0.0      2.8
    59    TRUST 1.000 1.000 0.110 0     13.11 0       3.1      0.0      2.8
    60    TRUST 1.000 1.000 0.159 0     13.06 0       3.1      0.0      2.8
    61    TRUST 0.000 0.000 0.635 0     15.00 0       2.7      0.0      2.8
    62    TRUST 0.000 0.000 0.635 0     17.04 0       2.3      0.0      2.9
    63    TRUST 0.000 0.000 0.765 0     15.23 0       2.1      0.0      2.9
    64    TRUST 0.000 0.000 0.740 0     13.40 0       2.0      0.0      3.0
    65    TRUST 0.000 0.000 0.739 0     16.76 0       2.2      0.0      3.2
    66    TRUST 0.000 0.000 0.701 0     16.85 0       2.8      0.0      3.4
    67    TRUST 0.000 0.000 0.669 0     20.00 0       3.5      0.0      3.7
    68    TRUST 0.000 0.000 0.649 0     14.92 0       4.5      0.0      4.1
    69    TRUST 0.000 0.000 0.550 0     22.01 0       5.6      0.0      4.7
    70    TRUST 1.000 1.000 0.453 0     18.90 0       2.7      0.0      3.1
    90    TRUST 0.000 0.000 0.843 0     33.17 0      30.5      6.0      6.4
   120    TRUST 0.000 0.000 0.847 0     42.09 0     211.1     37.5     25.3
   150    TRUST 0.000 0.000 0.839 0     76.31 0     610.0     90.0     65.5
   180    TRUST 0.000 0.000 0.777 0    120.77 0    1381.8    144.0    141.8
   210    TRUST 0.000 0.000 0.785 0    284.55 0    2613.9    198.0    266.9
   240    TRUST 0.000 0.000 0.852 0    609.25 0    4502.3    252.0    461.6
   270    TRUST 0.000 0.000 0.915 0   1639.99 0    7173.4    306.0    753.1
   300    TRUST 0.000 0.000 0.926 0   2777.52 0   10795.7    360.0   1161.7
   330    TRUST 0.000 0.000 0.933 0   7168.57 0   15596.9    414.0   1700.7
   357    TRUST 0.000 0.000 0.912 0  10639.30 0   20941.0    462.6   2306.6
   358    TRUST 0.000 0.000 0.908 0  10581.26 0   21159.0    464.4   2331.5
   359    TRUST 0.000 0.000 0.910 0  11239.90 0   21377.1    466.2   2356.6
   360    TRUST 0.000 0.000 0.908 0  10777.44 0   21597.0    468.0   2381.9
   361    TRUST 0.000 0.000 0.903 0  11210.50 0   21819.3    469.8   2407.4
   362    TRUST 1.000 1.000 0.201 0   8988.32 0     227.3      0.0     78.0
   363    TRUST 1.000 1.000 0.037 0   9271.41 0     205.5      0.0     56.3
   364    TRUST 1.000 1.000 0.015 0   8644.26 0     194.0      0.0     46.7
   365    TRUST 1.000 1.000 0.010 0   8559.57 0     185.8      0.0     41.0
   366    TRUST 1.000 1.000 0.008 0   8836.90 0     179.1      0.0     37.2
   367    TRUST 1.000 1.000 0.006 0   8459.75 0     173.3      0.0     34.4
   368    TRUST 1.000 1.000 0.006 0   8456.55 0     168.5      0.0     32.2
   369    TRUST 1.000 1.000 0.005 0   8173.88 0     163.8      0.0     30.5
   370    TRUST 1.000 1.000 0.007 0   8205.97 0     159.0      0.0     29.0
   371    TRUST 1.000 1.000 0.005 0   7912.90 0     154.6      0.0     27.7
   372    TRUST 1.000 1.000 0.005 0   7867.33 0     150.7      0.0     26.6
   373    TRUST 1.000 1.000 0.003 0   7738.87 0     146.7      0.0     25.7
   374    TRUST 1.000 1.000 0.005 0   7772.24 0     143.1      0.0     24.8
   375    TRUST 1.000 1.000 0.006 0   7538.46 0     139.5      0.0     24.1
   390    TRUST 1.000 1.000 0.007 0   5856.51 0      96.6      0.0     17.2
   420    TRUST 1.000 1.000 0.010 0   4269.02 0      58.9      0.0     11.4
   450    TRUST 1.000 1.000 0.036 0   2706.29 0      42.2      0.0      8.3
   480    TRUST 1.000 1.000 0.002 0   1638.43 0      21.5      0.0      6.2
   510    TRUST 1.000 1.000 0.003 0    713.74 0      10.1      0.0      4.5
   540    TRUST 1.000 1.000 0.003 0    301.77 0       7.3      0.0      3.6
   570    TRUST 1.000 1.000 0.002 0    123.86 0       5.6      0.0      3.3
   600    TRUST 1.000 1.000 0.002 0     63.80 0       3.8      0.0      3.1
   630    TRUST 1.000 1.000 0.002 0    102.14 0       1.5      0.0      3.1
