# industrial_mems fedqpnt_local seed=530 attack={'kind': 'drift_spoof', 'onset_s': 60.0, 'duration_s': 300.0, 'severity': 0.6} duration=600.0
# rmse_pre=1.91 att: rmse=12361.7 max=32626.3 post: rmse=116620.1 max=208822.1
BLACKOUT-from-60s err_h at t=60: 2.7 m
BLACKOUT-from-60s err_h at t=70: 8.6 m
BLACKOUT-from-60s err_h at t=90: 82.3 m
BLACKOUT-from-60s err_h at t=120: 418.5 m
BLACKOUT-from-60s err_h at t=180: 2353.3 m
BLACKOUT-from-60s err_h at t=200: 3558.5 m
BLACKOUT-from-60s err_h at t=240: 7210.6 m
BLACKOUT-from-60s err_h at t=300: 16701.4 m
BLACKOUT-from-60s err_h at t=360: 32629.5 m
BLACKOUT-from-60s err_h at t=450: 70930.4 m
BLACKOUT-from-60s err_h at t=600: 179344.6 m
 t_s  state    w_pos  w_clk   p      es shadowNIS probe   err_h   offset  sqrt(P_pos)
    31    TRUST 1.000 0.500 0.066 0      1.19 0       0.1      0.0      3.0
    55    TRUST 1.000 0.955 0.138 0     11.47 0       2.8      0.0      2.8
    56    TRUST 1.000 0.959 0.139 0     12.82 0       3.0      0.0      2.8
    57    TRUST 1.000 0.963 0.117 0     10.97 0       3.0      0.0      2.8
    58    TRUST 1.000 0.966 0.125 0     12.36 0       3.1      0.0      2.8
    59    TRUST 1.000 0.970 0.110 0     13.17 0       3.1      0.0      2.8
    60    TRUST 1.000 0.970 0.110 0       nan 0       2.7      0.0      2.8
    61    TRUST 1.000 0.970 0.110 0       nan 0       2.3      0.0      2.9
    62    TRUST 1.000 0.970 0.110 0       nan 0       1.9      0.0      2.9
    63    TRUST 1.000 0.970 0.110 0       nan 0       1.8      0.0      3.0
    64    TRUST 1.000 0.970 0.110 0       nan 0       2.1      0.0      3.1
    65    TRUST 1.000 0.970 0.110 0       nan 0       2.7      0.0      3.2
    66    TRUST 1.000 0.970 0.110 0       nan 0       3.6      0.0      3.5
    67    TRUST 1.000 0.970 0.110 0       nan 0       4.6      0.0      3.8
    68    TRUST 1.000 0.970 0.110 0       nan 0       5.8      0.0      4.2
    69    TRUST 1.000 0.970 0.110 0       nan 0       7.1      0.0      4.8
    70    TRUST 1.000 0.970 0.110 0       nan 0       8.6      0.0      5.5
    90    TRUST 1.000 0.970 0.110 0       nan 0      82.3      6.0     22.2
   120    TRUST 1.000 0.970 0.110 0       nan 0     418.5     37.5     55.3
   150    TRUST 1.000 0.970 0.110 0       nan 0    1108.5     90.0    125.7
   180    TRUST 1.000 0.970 0.110 0       nan 0    2353.3    144.0    246.3
   210    TRUST 1.000 0.970 0.110 0       nan 0    4305.5    198.0    469.3
   240    TRUST 1.000 0.970 0.110 0       nan 0    7210.6    252.0    798.5
   270    TRUST 1.000 0.970 0.110 0       nan 0   11268.4    306.0   1340.8
   300    TRUST 1.000 0.970 0.110 0       nan 0   16701.4    360.0   2112.8
   330    TRUST 1.000 0.970 0.110 0       nan 0   23791.0    414.0   3097.8
   357    TRUST 1.000 0.970 0.110 0       nan 0   31662.6    462.6   4224.7
   358    TRUST 1.000 0.970 0.110 0       nan 0   31983.1    464.4   4271.3
   359    TRUST 1.000 0.970 0.110 0       nan 0   32305.5    466.2   4318.3
   360    TRUST 1.000 0.970 0.110 0       nan 0   32629.5    468.0   4365.6
   361    TRUST 1.000 0.970 0.110 0       nan 0   32956.4    469.8   4413.4
   362    TRUST 1.000 0.970 0.110 0       nan 0   33282.3      0.0   4461.7
   363    TRUST 1.000 0.970 0.110 0       nan 0   33612.2      0.0   4510.3
   364    TRUST 1.000 0.970 0.110 0       nan 0   33945.4      0.0   4559.4
   365    TRUST 1.000 0.970 0.110 0       nan 0   34283.1      0.0   4608.9
   366    TRUST 1.000 0.970 0.110 0       nan 0   34618.5      0.0   4658.9
   367    TRUST 1.000 0.970 0.110 0       nan 0   34958.1      0.0   4709.2
   368    TRUST 1.000 0.970 0.110 0       nan 0   35304.0      0.0   4760.0
   369    TRUST 1.000 0.970 0.110 0       nan 0   35647.4      0.0   4811.2
   370    TRUST 1.000 0.970 0.110 0       nan 0   35993.4      0.0   4862.9
   371    TRUST 1.000 0.970 0.110 0       nan 0   36344.9      0.0   4915.0
   372    TRUST 1.000 0.970 0.110 0       nan 0   36692.9      0.0   4967.6
   373    TRUST 1.000 0.970 0.110 0       nan 0   37045.3      0.0   5020.5
   374    TRUST 1.000 0.970 0.110 0       nan 0   37401.8      0.0   5073.9
   375    TRUST 1.000 0.970 0.110 0       nan 0   37758.5      0.0   5127.8
   390    TRUST 1.000 0.970 0.110 0       nan 0   43375.8      0.0   5989.9
   420    TRUST 1.000 0.970 0.110 0       nan 0   56094.8      0.0   8036.0
   450    TRUST 1.000 0.970 0.110 0       nan 0   70930.4      0.0  10567.4
   480    TRUST 1.000 0.970 0.110 0       nan 0   87807.6      0.0  13604.3
   510    TRUST 1.000 0.970 0.110 0       nan 0  106881.2      0.0  17304.5
   540    TRUST 1.000 0.970 0.110 0       nan 0  128369.8      0.0  21734.7
   570    TRUST 1.000 0.970 0.110 0       nan 0  152466.5      0.0  26909.8
   600    TRUST 1.000 0.970 0.110 0       nan 0  179344.6      0.0  32804.4
   630    TRUST 1.000 0.970 0.110 0       nan 0  208822.1      0.0  39457.8
