# industrial_mems fedqpnt_local seed=530 attack={'kind': 'drift_spoof', 'onset_s': 60.0, 'duration_s': 300.0, 'severity': 0.6} duration=600.0
# rmse_pre=1.91 att: rmse=11193.0 max=29637.1 post: rmse=106374.7 max=190649.8
 t_s  state    w_pos  w_clk   p      es shadowNIS probe   err_h   offset  sqrt(P_pos)
    31    TRUST 1.000 0.500 0.066 0      1.19 0       0.1      0.0      3.0
    55    TRUST 1.000 0.955 0.138 0     11.47 0       2.8      0.0      2.8
    56    TRUST 1.000 0.959 0.139 0     12.82 0       3.0      0.0      2.8
    57    TRUST 1.000 0.963 0.117 0     10.97 0       3.0      0.0      2.8
    58    TRUST 1.000 0.966 0.125 0     12.36 0       3.1      0.0      2.8
    59    TRUST 1.000 0.970 0.110 0     13.17 0       3.1      0.0      2.8
    60    TRUST 1.000 0.972 0.159 0     13.15 0       3.1      0.0      2.8
    61 DISTRUST 0.153 0.149 0.635 1     15.07 0       3.1      0.0      2.8
    62 DISTRUST 0.020 0.020 0.635 1     15.23 0       2.7      0.0      2.8
    63 DISTRUST 0.020 0.020 0.765 1     13.70 0       2.4      0.0      2.9
    64 DISTRUST 0.020 0.020 0.740 1     11.90 0       2.2      0.0      3.0
    65 DISTRUST 0.020 0.020 0.739 1     15.27 0       2.1      0.0      3.1
    66 DISTRUST 0.020 0.020 0.701 1     15.50 0       2.4      0.0      3.3
    67 DISTRUST 0.020 0.020 0.669 1     18.61 0       2.8      0.0      3.6
    68 DISTRUST 0.020 0.020 0.649 1     13.47 0       3.5      0.0      4.0
    69 DISTRUST 0.020 0.020 0.550 1     20.82 0       4.4      0.0      4.6
    70 DISTRUST 0.020 0.020 0.453 1     17.58 0       5.4      0.0      5.3
    90 DISTRUST 0.020 0.020 0.843 1     46.38 0      63.4      6.0     21.0
   120 DISTRUST 0.020 0.020 0.847 1     54.85 0     355.8     37.5     50.2
   121    PROBE 0.020 0.020 0.856 1     65.60 1     371.6     39.0     50.9
   122    PROBE 0.300 0.300 0.823 1     57.07 1     387.5     40.6     51.7
   123    PROBE 0.300 0.300 0.788 1     76.20 1     403.8     42.1     52.7
   124    PROBE 0.300 0.300 0.770 1     56.45 1     420.2     43.7     53.8
   125    PROBE 0.300 0.300 0.763 1     74.68 1     436.6     45.4     55.2
   126    PROBE 0.300 0.300 0.806 1     73.63 1     453.2     47.0     56.7
   127    PROBE 0.300 0.300 0.819 1     86.25 1     470.0     48.7     58.3
   128    PROBE 0.300 0.300 0.783 1     71.11 1     487.1     50.5     60.1
   129    PROBE 0.300 0.300 0.759 1     67.60 1     504.2     52.2     62.0
   130    PROBE 0.300 0.300 0.771 1     52.40 1     521.6     54.0     64.1
   131 DISTRUST 0.020 0.020 0.778 1     54.80 1     538.5     55.8     66.3
   150 DISTRUST 0.020 0.020 0.840 1    110.30 0     965.5     90.0    112.9
   180 DISTRUST 0.020 0.020 0.780 1    221.66 0    2083.2    144.0    219.9
   191    PROBE 0.020 0.020 0.721 1    332.82 1    2639.4    163.8    282.8
   192    PROBE 0.300 0.300 0.703 1    353.00 1    2694.6    165.6    289.2
   193    PROBE 0.300 0.300 0.661 1    381.65 1    2750.5    167.4    295.6
   194    PROBE 0.300 0.300 0.680 1    393.15 1    2807.5    169.2    302.1
   195    PROBE 0.300 0.300 0.661 1    460.36 1    2865.2    171.0    308.7
   196    PROBE 0.300 0.300 0.662 1    413.92 1    2923.3    172.8    315.4
   197    PROBE 0.300 0.300 0.652 1    448.15 1    2981.7    174.6    322.3
   198    PROBE 0.300 0.300 0.675 1    459.13 1    3042.0    176.4    329.2
   199    PROBE 0.300 0.300 0.678 1    464.71 1    3102.6    178.2    336.3
   200    PROBE 0.300 0.300 0.682 1    461.06 1    3164.7    180.0    343.5
   201 DISTRUST 0.020 0.020 0.692 1    525.73 1    3227.6    181.8    350.8
   210 DISTRUST 0.020 0.020 0.789 1    647.25 0    3837.1    198.0    421.7
   240 DISTRUST 0.020 0.020 0.848 1   1530.98 0    6462.6    252.0    719.2
   261    PROBE 0.020 0.020 0.899 1   3083.52 1    8920.3    289.8   1044.9
   262    PROBE 0.300 0.300 0.912 1   3134.45 1    9050.8    291.6   1062.9
   263    PROBE 0.300 0.300 0.906 1   3260.30 1    9183.3    293.4   1081.1
   264    PROBE 0.300 0.300 0.904 1   3083.51 1    9316.8    295.2   1099.5
   265    PROBE 0.300 0.300 0.907 1   3512.80 1    9452.0    297.0   1118.2
   266    PROBE 0.300 0.300 0.915 1   3669.99 1    9589.2    298.8   1137.0
   267    PROBE 0.300 0.300 0.893 1   3662.54 1    9726.2    300.6   1156.1
   268    PROBE 0.300 0.300 0.887 1   3410.48 1    9865.5    302.4   1175.4
   269    PROBE 0.300 0.300 0.898 1   3534.13 1   10005.3    304.2   1195.0
   270    PROBE 0.300 0.300 0.903 1   3781.17 1   10147.8    306.0   1214.7
   271 DISTRUST 0.020 0.020 0.902 1   3742.26 1   10291.3    307.8   1234.7
   300 DISTRUST 0.020 0.020 0.914 1   6561.32 0   15094.9    360.0   1922.8
   330 DISTRUST 0.020 0.020 0.896 1  14518.94 0   21573.0    414.0   2823.9
   331    PROBE 0.020 0.020 0.900 1  13293.13 1   21815.9    415.8   2859.7
   332    PROBE 0.300 0.300 0.889 1  12966.42 1   22057.9    417.6   2896.1
   333    PROBE 0.300 0.300 0.886 1  12877.55 1   22303.9    419.4   2933.0
   334    PROBE 0.300 0.300 0.885 1  12924.24 1   22551.4    421.2   2969.9
   335    PROBE 0.300 0.300 0.879 1  12540.34 1   22800.3    423.0   3006.8
   336    PROBE 0.300 0.300 0.868 1  12148.57 1   23050.8    424.8   3043.5
   337    PROBE 0.300 0.300 0.859 1  12267.22 1   23302.9    426.6   3080.0
   338    PROBE 0.300 0.300 0.852 1  12382.18 1   23556.9    428.4   3116.2
   339    PROBE 0.300 0.300 0.844 1  12534.12 1   23812.9    430.2   3152.1
   340    PROBE 0.300 0.300 0.840 1  13246.66 1   24071.0    432.0   3187.9
   341 DISTRUST 0.020 0.020 0.842 1  13828.26 1   24331.1    433.8   3223.9
   357 DISTRUST 0.020 0.020 0.744 1  18713.19 0   28757.3    462.6   3850.9
   358 DISTRUST 0.020 0.020 0.743 1  18741.12 0   29049.9    464.4   3893.3
   359 DISTRUST 0.020 0.020 0.722 1  19462.64 0   29344.2    466.2   3936.1
   360 DISTRUST 0.020 0.020 0.698 1  19118.32 0   29640.1    468.0   3979.2
   361 DISTRUST 0.020 0.020 0.720 1  19621.73 0   29938.5    469.8   4022.8
   362 DISTRUST 0.020 0.020 0.168 1  17417.77 0   30236.1      0.0   4066.7
   363 DISTRUST 0.020 0.020 0.024 1  18233.52 0   30537.4      0.0   4111.0
   364 DISTRUST 0.020 0.020 0.011 1  17962.08 0   30841.6      0.0   4155.7
   365 DISTRUST 0.020 0.020 0.006 1  18274.23 0   31149.8      0.0   4200.8
   366 DISTRUST 0.020 0.020 0.010 1  19064.75 0   31456.0      0.0   4246.3
   367 DISTRUST 0.020 0.020 0.007 1  19017.91 0   31766.0      0.0   4292.2
   368 DISTRUST 0.020 0.020 0.010 1  19496.67 0   32081.8      0.0   4338.5
   369 DISTRUST 0.020 0.020 0.013 1  19615.66 0   32395.3      0.0   4385.2
   370 DISTRUST 0.020 0.020 0.009 1  20112.39 0   32711.2      0.0   4432.3
   371 DISTRUST 0.020 0.020 0.019 1  20190.83 0   33032.1      0.0   4479.7
   372 DISTRUST 0.020 0.020 0.012 1  20550.80 0   33349.9      0.0   4527.6
   373 DISTRUST 0.020 0.020 0.016 1  20924.61 0   33671.6      0.0   4575.9
   374 DISTRUST 0.020 0.020 0.015 1  21484.81 0   33997.1      0.0   4624.6
   375 DISTRUST 0.020 0.020 0.025 1  21609.92 0   34322.8      0.0   4673.6
   390 DISTRUST 0.020 0.020 0.053 1  26359.39 0   39451.6      0.0   5459.5
   401    PROBE 0.020 0.020 0.108 1  29230.99 1   43490.7      0.0   6096.7
   402    PROBE 0.300 0.300 0.157 0  30307.67 1   43877.1      0.0   6157.3
   403    PROBE 0.300 0.300 0.094 0  30881.62 1   44258.3      0.0   6218.3
   404    PROBE 0.300 0.300 0.149 0  31096.23 1   44641.9      0.0   6279.7
   405    PROBE 0.300 0.300 0.089 0  31501.61 1   45028.1      0.0   6341.6
   406    PROBE 0.300 0.300 0.172 0  31419.12 1   45415.8      0.0   6404.0
   407    PROBE 0.300 0.300 0.070 0  32020.75 1   45801.1      0.0   6466.8
   408    PROBE 0.300 0.300 0.180 0  31953.64 1   46198.6      0.0   6530.1
   409    PROBE 0.300 0.300 0.180 0  32433.62 1   46592.5      0.0   6593.8
   410    PROBE 0.300 0.300 0.137 0  33009.97 1   46987.3      0.0   6658.0
   411 DISTRUST 0.020 0.300 0.136 0  33228.64 1   47389.3      0.0   6722.6
   420 DISTRUST 0.020 0.715 0.176 1  35846.24 0   51065.1      0.0   7325.2
   450 DISTRUST 0.020 0.986 0.437 1  46020.58 0   64623.4      0.0   9637.5
   471    PROBE 0.020 0.998 0.207 1  42333.04 1   75227.5      0.0  11528.6
   472    PROBE 0.300 0.998 0.089 0  43277.54 1   75752.8      0.0  11623.9
   473    PROBE 0.300 0.999 0.184 0  43033.01 1   76275.5      0.0  11719.8
   474    PROBE 0.300 0.999 0.136 0  43563.54 1   76806.1      0.0  11816.3
   475    PROBE 0.300 0.999 0.170 0  43742.99 1   77337.7      0.0  11913.3
   476    PROBE 0.300 0.999 0.106 0  43908.33 1   77879.0      0.0  12010.9
   477    PROBE 0.300 0.999 0.199 0  44528.79 1   78416.2      0.0  12109.1
   478    PROBE 0.300 0.999 0.086 0  44463.01 1   78953.9      0.0  12207.9
   479    PROBE 0.300 0.999 0.197 0  45137.70 1   79489.9      0.0  12307.3
   480    PROBE 0.300 0.999 0.113 0  45113.04 1   80033.7      0.0  12407.2
   481 DISTRUST 0.020 0.999 0.158 0  44949.70 1   80572.5      0.0  12507.7
   510 DISTRUST 0.020 1.000 0.025 1  48075.47 0   97439.9      0.0  15786.6
   540 DISTRUST 0.020 1.000 0.104 1  74249.29 0  117064.4      0.0  19840.6
   541    PROBE 0.020 1.000 0.195 1  75019.50 1  117759.7      0.0  19982.6
   542    PROBE 0.300 1.000 0.054 0  75678.77 1  118457.4      0.0  20125.3
   543    PROBE 0.300 1.000 0.185 0  76782.48 1  119153.6      0.0  20268.7
   544    PROBE 0.300 1.000 0.052 0  77662.04 1  119856.5      0.0  20413.0
   545    PROBE 0.300 0.987 0.231 0  78538.66 1  120562.9      0.0  20557.9
   546    PROBE 0.300 0.989 0.123 0  79133.45 1  121267.0      0.0  20703.7
   547    PROBE 0.300 0.990 0.067 0  79504.13 1  121977.6      0.0  20850.2
   548    PROBE 0.300 0.991 0.127 0  80204.25 1  122686.3      0.0  20997.5
   549    PROBE 0.300 0.991 0.125 0  81128.14 1  123408.1      0.0  21145.7
   550    PROBE 0.300 0.992 0.094 0  80544.65 1  124126.3      0.0  21295.4
   551 DISTRUST 0.020 0.993 0.063 0  79587.75 1  124844.9      0.0  21446.9
   570 DISTRUST 0.020 0.999 0.026 1  93733.15 0  139078.3      0.0  24578.4
   600 DISTRUST 0.020 0.817 0.332 1  95882.17 0  163674.1      0.0  29979.7
   611    PROBE 0.020 0.805 0.125 1 132116.26 1  173244.4      0.0  32124.9
   612    PROBE 0.300 0.805 0.122 0 137154.55 1  174134.6      0.0  32329.5
   613    PROBE 0.300 0.805 0.081 0 140120.91 1  175034.9      0.0  32535.8
   614    PROBE 0.300 0.823 0.094 0 142862.29 1  175927.2      0.0  32743.7
   615    PROBE 0.300 0.840 0.142 0 143589.83 1  176827.4      0.0  32952.8
   616    PROBE 0.300 0.855 0.136 0 142603.30 1  177725.5      0.0  33162.4
   617    PROBE 0.300 0.865 0.241 0 137679.63 1  178625.7      0.0  33371.6
   618    PROBE 0.300 0.878 0.130 0 135694.57 1  179531.7      0.0  33580.4
   619    PROBE 0.300 0.885 0.241 0 135230.77 1  180448.6      0.0  33789.9
   620    PROBE 0.300 0.896 0.183 0 130875.15 1  181360.5      0.0  33999.6
   621 DISTRUST 0.020 0.900 0.244 0 124502.43 1  182276.1      0.0  34208.9
   630 DISTRUST 0.020 0.655 0.269 1 105286.92 0  190649.8      0.0  36079.6
