# industrial_mems abl_minus_quantum seed=530 attack={'kind': 'drift_spoof', 'onset_s': 60.0, 'duration_s': 300.0, 'severity': 0.6} duration=600.0
# rmse_pre=1.21 att: rmse=3323.7 max=8417.0 post: rmse=28473.9 max=50596.3
 t_s  state    w_pos  w_clk   p      es shadowNIS probe   err_h   offset  sqrt(P_pos)
    31    TRUST 1.000 0.500 0.066 0      1.19 0       0.1      0.0      3.0
    55    TRUST 1.000 0.955 0.138 0      0.81 0       1.6      0.0      2.9
    56    TRUST 1.000 0.959 0.139 0      0.78 0       1.6      0.0      2.9
    57    TRUST 1.000 0.963 0.117 0      0.85 0       1.6      0.0      2.9
    58    TRUST 1.000 0.966 0.125 0      0.47 0       1.7      0.0      2.9
    59    TRUST 1.000 0.970 0.110 0      1.45 0       1.7      0.0      2.9
    60    TRUST 1.000 0.972 0.159 0      0.45 0       1.7      0.0      2.9
    61 DISTRUST 0.153 0.149 0.634 1      0.86 0       1.7      0.0      3.0
    62 DISTRUST 0.020 0.020 0.634 1      0.96 0       1.7      0.0      3.0
    63 DISTRUST 0.020 0.020 0.765 1      0.76 0       1.7      0.0      3.1
    64 DISTRUST 0.020 0.020 0.739 1      0.51 0       1.9      0.0      3.2
    65 DISTRUST 0.020 0.020 0.739 1      0.49 0       2.0      0.0      3.4
    66 DISTRUST 0.020 0.020 0.701 1      1.12 0       2.3      0.0      3.6
    67 DISTRUST 0.020 0.020 0.669 1      0.50 0       2.6      0.0      4.0
    68 DISTRUST 0.020 0.020 0.649 1      0.65 0       2.9      0.0      4.5
    69 DISTRUST 0.020 0.020 0.551 1      1.36 0       3.4      0.0      5.1
    70 DISTRUST 0.020 0.020 0.453 1      0.51 0       3.8      0.0      5.8
    90 DISTRUST 0.020 0.020 0.840 1      3.07 0      16.5      6.0     24.2
   120 DISTRUST 0.020 0.020 0.846 1     22.27 0     121.5     37.5     74.3
   121    PROBE 0.020 0.020 0.854 1     18.00 1     127.4     39.0     76.2
   122    PROBE 0.300 0.300 0.822 1     21.72 1     133.5     40.6     78.2
   123    PROBE 0.300 0.300 0.790 1     20.78 1     139.7     42.1     80.3
   124    PROBE 0.300 0.300 0.774 1     24.20 1     146.0     43.7     82.7
   125    PROBE 0.300 0.300 0.767 1     18.59 1     152.5     45.4     85.2
   126    PROBE 0.300 0.300 0.808 1     20.07 1     159.0     47.0     87.8
   127    PROBE 0.300 0.300 0.820 1     26.25 1     165.7     48.7     90.5
   128    PROBE 0.300 0.300 0.785 1     29.30 1     172.5     50.5     93.4
   129    PROBE 0.300 0.300 0.763 1     31.59 1     179.4     52.2     96.5
   130    PROBE 0.300 0.300 0.774 1     24.10 1     186.4     54.0     99.7
   131 DISTRUST 0.020 0.020 0.780 1     22.92 1     193.5     55.8    103.0
   150 DISTRUST 0.020 0.020 0.848 1     12.75 0     359.5     90.0    173.6
   180 DISTRUST 0.020 0.020 0.790 1     27.22 0     754.1    144.0    329.5
   191    PROBE 0.020 0.020 0.738 1     37.84 1     939.0    163.8    409.7
   192    PROBE 0.300 0.300 0.721 1     39.76 1     957.1    165.6    417.6
   193    PROBE 0.300 0.300 0.684 1     41.83 1     975.4    167.4    425.6
   194    PROBE 0.300 0.300 0.700 1     42.33 1     993.9    169.2    433.6
   195    PROBE 0.300 0.300 0.685 1     48.90 1    1012.6    171.0    441.8
   196    PROBE 0.300 0.300 0.687 1     43.11 1    1031.6    172.8    450.1
   197    PROBE 0.300 0.300 0.677 1     45.89 1    1050.7    174.6    458.5
   198    PROBE 0.300 0.300 0.699 1     47.31 1    1070.1    176.4    467.1
   199    PROBE 0.300 0.300 0.700 1     46.05 1    1089.7    178.2    475.7
   200    PROBE 0.300 0.300 0.706 1     44.44 1    1109.5    180.0    484.4
   201 DISTRUST 0.020 0.020 0.715 1     49.69 1    1129.5    181.8    493.2
   210 DISTRUST 0.020 0.020 0.805 1     46.72 0    1320.2    198.0    577.9
   240 DISTRUST 0.020 0.020 0.873 1     41.66 0    2086.5    252.0    931.3
   261    PROBE 0.020 0.020 0.919 1     67.53 1    2830.0    289.8   1260.5
   262    PROBE 0.300 0.300 0.927 1     61.34 1    2868.9    291.6   1278.1
   263    PROBE 0.300 0.300 0.924 1     63.62 1    2908.2    293.4   1295.8
   264    PROBE 0.300 0.300 0.924 1     47.62 1    2947.8    295.2   1313.7
   265    PROBE 0.300 0.300 0.925 1     69.52 1    2987.6    297.0   1331.9
   266    PROBE 0.300 0.300 0.929 1     69.37 1    3027.8    298.8   1350.2
   267    PROBE 0.300 0.300 0.916 1     69.59 1    3068.3    300.6   1368.6
   268    PROBE 0.300 0.300 0.917 1     50.90 1    3109.1    302.4   1387.3
   269    PROBE 0.300 0.300 0.924 1     46.96 1    3150.1    304.2   1406.2
   270    PROBE 0.300 0.300 0.928 1     58.34 1    3191.5    306.0   1425.2
   271 DISTRUST 0.020 0.020 0.922 1     52.14 1    3233.2    307.8   1444.5
   300 DISTRUST 0.020 0.020 0.933 1     65.40 0    4590.4    360.0   2091.6
   330 DISTRUST 0.020 0.020 0.942 1     99.53 0    6337.4    414.0   2943.6
   331    PROBE 0.020 0.020 0.942 1     98.61 1    6402.4    415.8   2976.1
   332    PROBE 0.300 0.300 0.939 1    102.27 1    6467.9    417.6   3008.9
   333    PROBE 0.300 0.300 0.941 1     64.96 1    6533.7    419.4   3042.0
   334    PROBE 0.300 0.300 0.941 1     87.37 1    6599.6    421.2   3075.2
   335    PROBE 0.300 0.300 0.940 1     66.80 1    6665.3    423.0   3108.6
   336    PROBE 0.300 0.300 0.940 1     49.22 1    6730.9    424.8   3142.1
   337    PROBE 0.300 0.300 0.939 1     55.93 1    6796.4    426.6   3175.6
   338    PROBE 0.300 0.300 0.939 1     48.93 1    6862.0    428.4   3209.2
   339    PROBE 0.300 0.300 0.938 1     43.70 1    6927.7    430.2   3242.9
   340    PROBE 0.300 0.300 0.939 1     40.11 1    6993.8    432.0   3276.8
   341 DISTRUST 0.020 0.020 0.940 1     52.43 1    7060.3    433.8   3310.9
   357 DISTRUST 0.020 0.020 0.942 1     58.44 0    8191.6    462.6   3893.6
   358 DISTRUST 0.020 0.020 0.943 1     39.66 0    8266.5    464.4   3932.3
   359 DISTRUST 0.020 0.020 0.943 1     53.17 0    8341.9    466.2   3971.4
   360 DISTRUST 0.020 0.020 0.942 1     43.20 0    8417.8    468.0   4010.7
   361 DISTRUST 0.020 0.020 0.942 1     53.78 0    8494.2    469.8   4050.3
   362 DISTRUST 0.020 0.020 0.542 1     29.73 0    8571.1      0.0   4090.2
   363 DISTRUST 0.020 0.020 0.115 1     44.52 0    8648.5      0.0   4130.3
   364 DISTRUST 0.020 0.020 0.034 1     32.86 0    8726.4      0.0   4170.7
   365 DISTRUST 0.020 0.020 0.022 1     47.22 0    8804.8      0.0   4211.5
   366 DISTRUST 0.020 0.020 0.017 1     58.79 0    8883.7      0.0   4252.5
   367 DISTRUST 0.020 0.020 0.016 1     52.97 0    8963.1      0.0   4293.7
   368 DISTRUST 0.020 0.020 0.015 1     46.33 0    9043.0      0.0   4335.3
   369 DISTRUST 0.020 0.020 0.017 1     43.04 0    9123.5      0.0   4377.1
   370 DISTRUST 0.020 0.020 0.017 1     44.09 0    9204.4      0.0   4419.2
   371 DISTRUST 0.020 0.020 0.018 1     42.24 0    9285.8      0.0   4461.6
   372 DISTRUST 0.020 0.020 0.016 1     53.55 0    9367.8      0.0   4504.3
   373 DISTRUST 0.020 0.020 0.015 1     47.14 0    9450.3      0.0   4547.3
   374 DISTRUST 0.020 0.020 0.013 1     50.65 0    9533.2      0.0   4590.5
   375 DISTRUST 0.020 0.020 0.022 1     53.87 0    9616.7      0.0   4634.0
   390 DISTRUST 0.020 0.020 0.035 1     57.27 0   10931.3      0.0   5321.2
   401    PROBE 0.020 0.020 0.038 1     55.15 1   11970.5      0.0   5866.6
   402    PROBE 0.300 0.300 0.044 0     65.57 1   12068.2      0.0   5917.9
   403    PROBE 0.300 0.300 0.054 0     75.57 1   12166.4      0.0   5969.6
   404    PROBE 0.300 0.300 0.044 0     80.74 1   12265.2      0.0   6021.5
   405    PROBE 0.300 0.300 0.049 0     86.53 1   12364.5      0.0   6073.7
   406    PROBE 0.300 0.300 0.043 0     75.95 1   12464.3      0.0   6126.3
   407    PROBE 0.300 0.300 0.024 0     82.22 1   12564.7      0.0   6179.1
   408    PROBE 0.300 0.300 0.034 0     71.66 1   12665.7      0.0   6232.3
   409    PROBE 0.300 0.300 0.043 0     69.01 1   12767.1      0.0   6285.7
   410    PROBE 0.300 0.300 0.038 0     77.38 1   12869.1      0.0   6339.4
   411 DISTRUST 0.020 0.300 0.036 0     94.47 1   12971.7      0.0   6393.4
   420 DISTRUST 0.020 0.715 0.040 1     90.26 0   13919.1      0.0   6893.4
   450 DISTRUST 0.020 0.986 0.148 1    159.71 0   17467.1      0.0   8747.3
   471    PROBE 0.020 0.998 0.010 1    111.09 1   20246.9      0.0  10215.6
   472    PROBE 0.300 0.998 0.008 0    167.41 1   20383.3      0.0  10289.0
   473    PROBE 0.300 0.999 0.010 0    136.41 1   20520.3      0.0  10362.7
   474    PROBE 0.300 0.999 0.007 0    135.68 1   20657.8      0.0  10436.7
   475    PROBE 0.300 0.999 0.010 0    147.36 1   20796.0      0.0  10511.1
   476    PROBE 0.300 0.999 0.010 0    136.03 1   20934.7      0.0  10585.8
   477    PROBE 0.300 0.999 0.011 0    167.52 1   21074.1      0.0  10660.8
   478    PROBE 0.300 0.999 0.008 0    145.43 1   21214.0      0.0  10736.2
   479    PROBE 0.300 0.999 0.007 0    154.53 1   21354.5      0.0  10812.0
   480    PROBE 0.300 0.999 0.007 0    179.55 1   21495.6      0.0  10888.1
   481 DISTRUST 0.020 0.999 0.007 0    137.98 1   21637.3      0.0  10964.5
   510 DISTRUST 0.020 1.000 0.007 1    163.96 0   26093.1      0.0  13360.6
   540 DISTRUST 0.020 1.000 0.007 1    274.64 0   31353.7      0.0  16191.0
   541    PROBE 0.020 1.000 0.008 1    247.09 1   31538.2      0.0  16290.2
   542    PROBE 0.300 1.000 0.005 0    242.93 1   31723.4      0.0  16389.9
   543    PROBE 0.300 1.000 0.007 0    260.73 1   31909.2      0.0  16489.9
   544    PROBE 0.300 1.000 0.005 0    281.20 1   32095.6      0.0  16590.4
   545    PROBE 0.300 1.000 0.008 0    262.05 1   32282.7      0.0  16691.3
   546    PROBE 0.300 1.000 0.007 0    275.75 1   32470.4      0.0  16792.6
   547    PROBE 0.300 1.000 0.005 0    257.56 1   32658.7      0.0  16894.3
   548    PROBE 0.300 1.000 0.006 0    263.15 1   32847.7      0.0  16996.4
   549    PROBE 0.300 1.000 0.006 0    277.49 1   33037.3      0.0  17098.9
   550    PROBE 0.300 1.000 0.007 0    286.65 1   33227.7      0.0  17202.1
   551 DISTRUST 0.020 1.000 0.007 0    317.43 1   33418.8      0.0  17306.1
   570 DISTRUST 0.020 1.000 0.005 1    275.20 0   37219.2      0.0  19392.5
   600 DISTRUST 0.020 1.000 0.004 1    277.07 0   43693.8      0.0  22960.1
   611    PROBE 0.020 1.000 0.006 1    298.83 1   46137.8      0.0  24358.7
   612    PROBE 0.300 1.000 0.006 0    341.09 1   46368.0      0.0  24489.9
   613    PROBE 0.300 1.000 0.005 0    339.61 1   46599.8      0.0  24622.0
   614    PROBE 0.300 1.000 0.005 0    368.81 1   46833.0      0.0  24754.7
   615    PROBE 0.300 1.000 0.006 0    389.77 1   47067.0      0.0  24888.0
   616    PROBE 0.300 1.000 0.006 0    374.56 1   47301.3      0.0  25021.6
   617    PROBE 0.300 1.000 0.006 0    345.05 1   47534.8      0.0  25155.3
   618    PROBE 0.300 1.000 0.005 0    330.74 1   47767.7      0.0  25289.0
   619    PROBE 0.300 1.000 0.007 0    319.72 1   48000.9      0.0  25423.0
   620    PROBE 0.300 1.000 0.004 0    291.04 1   48234.9      0.0  25557.4
   621 DISTRUST 0.020 1.000 0.004 0    286.80 1   48469.8      0.0  25691.8
   630 DISTRUST 0.020 1.000 0.004 1    249.05 0   50596.3      0.0  26904.5
