# industrial_mems undefended seed=530 attack={'kind': 'drift_spoof', 'onset_s': 60.0, 'duration_s': 300.0, 'severity': 0.6} duration=600.0
# rmse_pre=1.90 att: rmse=12374.5 max=32664.9 post: rmse=116696.7 max=208946.9
BLACKOUT-from-60s err_h at t=60: 2.7 m
BLACKOUT-from-60s err_h at t=70: 8.6 m
BLACKOUT-from-60s err_h at t=90: 82.5 m
BLACKOUT-from-60s err_h at t=120: 420.4 m
BLACKOUT-from-60s err_h at t=180: 2359.0 m
BLACKOUT-from-60s err_h at t=200: 3565.5 m
BLACKOUT-from-60s err_h at t=240: 7220.0 m
BLACKOUT-from-60s err_h at t=300: 16718.3 m
BLACKOUT-from-60s err_h at t=360: 32668.2 m
BLACKOUT-from-60s err_h at t=450: 70977.0 m
BLACKOUT-from-60s err_h at t=600: 179445.8 m
 t_s  state    w_pos  w_clk   p      es shadowNIS probe   err_h   offset  sqrt(P_pos)
    31    TRUST 0.500 1.000 0.066 0      1.19 0       0.1      0.0      3.0
    55    TRUST 1.000 1.000 0.138 0     11.43 0       2.8      0.0      2.8
    56    TRUST 1.000 1.000 0.139 0     12.74 0       2.9      0.0      2.8
    57    TRUST 1.000 1.000 0.117 0     10.91 0       3.0      0.0      2.8
    58    TRUST 1.000 1.000 0.125 0     12.27 0       3.0      0.0      2.8
    59    TRUST 1.000 1.000 0.110 0     13.11 0       3.1      0.0      2.8
    60    TRUST 1.000 1.000 0.110 0       nan 0       2.7      0.0      2.8
    61    TRUST 1.000 1.000 0.110 0       nan 0       2.2      0.0      2.9
    62    TRUST 1.000 1.000 0.110 0       nan 0       1.9      0.0      2.9
    63    TRUST 1.000 1.000 0.110 0       nan 0       1.8      0.0      3.0
    64    TRUST 1.000 1.000 0.110 0       nan 0       2.1      0.0      3.1
    65    TRUST 1.000 1.000 0.110 0       nan 0       2.7      0.0      3.2
    66    TRUST 1.000 1.000 0.110 0       nan 0       3.6      0.0      3.5
    67    TRUST 1.000 1.000 0.110 0       nan 0       4.6      0.0      3.8
    68    TRUST 1.000 1.000 0.110 0       nan 0       5.8      0.0      4.2
    69    TRUST 1.000 1.000 0.110 0       nan 0       7.1      0.0      4.8
    70    TRUST 1.000 1.000 0.110 0       nan 0       8.6      0.0      5.5
    90    TRUST 1.000 1.000 0.110 0       nan 0      82.5      6.0     22.2
   120    TRUST 1.000 1.000 0.110 0       nan 0     420.4     37.5     55.2
   150    TRUST 1.000 1.000 0.110 0       nan 0    1112.1     90.0    125.7
   180    TRUST 1.000 1.000 0.110 0       nan 0    2359.0    144.0    246.4
   210    TRUST 1.000 1.000 0.110 0       nan 0    4312.4    198.0    469.6
   240    TRUST 1.000 1.000 0.110 0       nan 0    7220.0    252.0    799.1
   270    TRUST 1.000 1.000 0.110 0       nan 0   11281.8    306.0   1341.9
   300    TRUST 1.000 1.000 0.110 0       nan 0   16718.3    360.0   2114.7
   330    TRUST 1.000 1.000 0.110 0       nan 0   23813.0    414.0   3100.5
   357    TRUST 1.000 1.000 0.110 0       nan 0   31701.1    462.6   4228.3
   358    TRUST 1.000 1.000 0.110 0       nan 0   32022.1    464.4   4274.8
   359    TRUST 1.000 1.000 0.110 0       nan 0   32344.3    466.2   4321.8
   360    TRUST 1.000 1.000 0.110 0       nan 0   32668.2    468.0   4369.3
   361    TRUST 1.000 1.000 0.110 0       nan 0   32995.5    469.8   4417.1
   362    TRUST 1.000 1.000 0.110 0       nan 0   33320.0      0.0   4465.4
   363    TRUST 1.000 1.000 0.110 0       nan 0   33649.8      0.0   4514.1
   364    TRUST 1.000 1.000 0.110 0       nan 0   33983.4      0.0   4563.2
   365    TRUST 1.000 1.000 0.110 0       nan 0   34321.9      0.0   4612.7
   366    TRUST 1.000 1.000 0.110 0       nan 0   34657.1      0.0   4662.7
   367    TRUST 1.000 1.000 0.110 0       nan 0   34997.1      0.0   4713.1
   368    TRUST 1.000 1.000 0.110 0       nan 0   35343.6      0.0   4763.9
   369    TRUST 1.000 1.000 0.110 0       nan 0   35687.2      0.0   4815.2
   370    TRUST 1.000 1.000 0.110 0       nan 0   36033.6      0.0   4866.9
   371    TRUST 1.000 1.000 0.110 0       nan 0   36385.2      0.0   4919.1
   372    TRUST 1.000 1.000 0.110 0       nan 0   36733.6      0.0   4971.6
   373    TRUST 1.000 1.000 0.110 0       nan 0   37086.4      0.0   5024.7
   374    TRUST 1.000 1.000 0.110 0       nan 0   37443.0      0.0   5078.1
   375    TRUST 1.000 1.000 0.110 0       nan 0   37800.1      0.0   5132.0
   390    TRUST 1.000 1.000 0.110 0       nan 0   43420.1      0.0   5994.8
   420    TRUST 1.000 1.000 0.110 0       nan 0   56142.4      0.0   8042.6
   450    TRUST 1.000 1.000 0.110 0       nan 0   70977.0      0.0  10575.9
   480    TRUST 1.000 1.000 0.110 0       nan 0   87871.8      0.0  13614.9
   510    TRUST 1.000 1.000 0.110 0       nan 0  106962.9      0.0  17317.3
   540    TRUST 1.000 1.000 0.110 0       nan 0  128457.4      0.0  21750.1
   570    TRUST 1.000 1.000 0.110 0       nan 0  152559.5      0.0  26927.9
   600    TRUST 1.000 1.000 0.110 0       nan 0  179445.8      0.0  32825.7
   630    TRUST 1.000 1.000 0.110 0       nan 0  208946.9      0.0  39482.3
